no. of characters in txt                          psnr
1,218                                       58.8268
3,654                                       54.2545
7,308‬                                       51.5452
12,180                                      49.3938
18,270                                      46.3541
24,360                                      44.0011
30,450‬                                      42.8355
36540                                       41.9411
42630                                       41.3420
48720                                       40.9492
54810                                       40.6257
60900                                       40.6257
66990                                       40.6257